0 0.7 0.7 
0.1 0.682544 0.678706 
0.2 0.667436 0.656989 
0.3 0.654566 0.635079 
0.4 0.643822 0.613176 
0.5 0.635101 0.591452 
0.6 0.628302 0.570057 
0.7 0.623334 0.549112 
0.8 0.620112 0.528721 
0.9 0.61856 0.508966 
1 0.618612 0.489912 
1.1 0.620206 0.471611 
1.2 0.623291 0.4541 
1.3 0.627821 0.437406 
1.4 0.633758 0.421546 
1.5 0.64107 0.40653 
1.6 0.649729 0.392363 
1.7 0.659713 0.379042 
1.8 0.671003 0.366564 
1.9 0.683584 0.35492 
2 0.697446 0.3441 
2.1 0.712576 0.334094 
2.2 0.728968 0.324891 
2.3 0.746614 0.31648 
2.4 0.765504 0.30885 
2.5 0.785631 0.301992 
2.6 0.806983 0.2959 
2.7 0.829547 0.290568 
2.8 0.853305 0.285994 
2.9 0.878235 0.282178 
3 0.904307 0.279124 
3.1 0.931485 0.276839 
3.2 0.959723 0.275335 
3.3 0.988962 0.274627 
3.4 1.01913 0.274736 
3.5 1.05015 0.275688 
3.6 1.08191 0.277513 
3.7 1.1143 0.280247 
3.8 1.14716 0.283934 
3.9 1.18033 0.288621 
4 1.21362 0.294362 
4.1 1.2468 0.301218 
4.2 1.27962 0.309253 
4.3 1.31179 0.318537 
4.4 1.34299 0.329141 
4.5 1.37286 0.341139 
4.6 1.40101 0.354604 
4.7 1.42703 0.3696 
4.8 1.45048 0.386187 
4.9 1.4709 0.404406 
5 1.48782 0.424277 
5.1 1.5008 0.445792 
5.2 1.50938 0.468904 
5.3 1.51319 0.493522 
5.4 1.5119 0.5195 
5.5 1.50527 0.546629 
5.6 1.49316 0.574636 
5.7 1.47557 0.603182 
5.8 1.45262 0.631862 
5.9 1.4246 0.66022 
6 1.39192 0.687758 
6.1 1.35511 0.713955 
6.2 1.31483 0.738295 
6.3 1.27181 0.760286 
6.4 1.22682 0.77949 
6.5 1.18064 0.795539 
6.6 1.13402 0.808154 
6.7 1.08767 0.817158 
6.8 1.04222 0.822474 
6.9 0.998211 0.824127 
7 0.956074 0.822232 
7.1 0.916155 0.816979 
7.2 0.878702 0.808625 
7.3 0.84388 0.797468 
7.4 0.811781 0.783838 
7.5 0.782438 0.768077 
7.6 0.755835 0.750531 
7.7 0.73192 0.731536 
7.8 0.710614 0.711412 
7.9 0.691824 0.690457 
8 0.675441 0.668942 
8.1 0.661357 0.647111 
8.2 0.64946 0.625181 
8.3 0.639642 0.603339 
8.4 0.6318 0.581747 
8.5 0.625838 0.560541 
8.6 0.621668 0.539835 
8.7 0.619209 0.519721 
8.8 0.618389 0.500276 
8.9 0.619143 0.481556 
9 0.621416 0.463608 
9.1 0.625159 0.446463 
9.2 0.630329 0.430143 
9.3 0.63689 0.414664 
9.4 0.644813 0.400031 
9.5 0.654072 0.386246 
9.6 0.664647 0.373307 
9.7 0.676522 0.361206 
9.8 0.689683 0.349935 
9.9 0.704118 0.339484 
10 0.719819 0.329842 
10.1 0.736778 0.320997 
10.2 0.754986 0.31294 
10.3 0.774436 0.305659 
10.4 0.795117 0.299148 
10.5 0.817018 0.293399 
10.6 0.840124 0.28841 
10.7 0.864414 0.284178 
10.8 0.889863 0.280705 
10.9 0.91644 0.277997 
11 0.944102 0.276063 
11.1 0.972799 0.274916 
11.2 1.00247 0.274574 
11.3 1.03303 0.27506 
11.4 1.0644 0.276401 
11.5 1.09646 0.278632 
11.6 1.12908 0.281791 
11.7 1.1621 0.285922 
11.8 1.19536 0.291078 
11.9 1.22863 0.297315 
12 1.26168 0.304695 
12.1 1.29424 0.313285 
12.2 1.32601 0.323155 
12.3 1.35666 0.33438 
12.4 1.3858 0.347031 
12.5 1.41305 0.361179 
12.6 1.43796 0.376887 
12.7 1.4601 0.394206 
12.8 1.479 0.413169 
12.9 1.4942 0.433786 
13 1.50524 0.45603 
13.1 1.51171 0.479837 
13.2 1.51326 0.50509 
13.3 1.50958 0.531617 
13.4 1.50048 0.55918 
13.5 1.48589 0.587476 
13.6 1.46586 0.616136 
13.7 1.44058 0.644731 
13.8 1.4104 0.672782 
13.9 1.37578 0.699779 
14 1.33732 0.725201 
14.1 1.29571 0.748539 
14.2 1.2517 0.769323 
14.3 1.20608 0.787143 
14.4 1.15961 0.801671 
14.5 1.11303 0.812672 
14.6 1.06701 0.820015 
14.7 1.02215 0.823669 
14.8 0.978938 0.823701 
14.9 0.937765 0.820263 
15 0.898934 0.813576 
15.1 0.862652 0.803917 
15.2 0.829052 0.791602 
15.3 0.798196 0.776967 
15.4 0.770094 0.760358 
15.5 0.744712 0.742118 
15.6 0.721986 0.722575 
15.7 0.701828 0.70204 
15.8 0.684138 0.6808 
15.9 0.668807 0.659114 
16 0.655723 0.637214 
16.1 0.644777 0.615302 
16.2 0.635864 0.593554 
16.3 0.628882 0.572121 
16.4 0.623739 0.551127 
16.5 0.620351 0.530678 
16.6 0.61864 0.510858 
16.7 0.618538 0.491734 
16.8 0.619984 0.473358 
16.9 0.622926 0.455768 
17 0.627318 0.438994 
17.1 0.63312 0.423052 
17.2 0.640299 0.407954 
17.3 0.648828 0.393704 
17.4 0.658683 0.380302 
17.5 0.669847 0.367741 
17.6 0.682304 0.356016 
17.7 0.696041 0.345117 
17.8 0.711049 0.335033 
17.9 0.727318 0.325752 
18 0.744842 0.317264 
18.1 0.763611 0.309558 
18.2 0.783618 0.302626 
18.3 0.804852 0.296459 
18.4 0.827299 0.291054 
18.5 0.850941 0.286406 
18.6 0.875758 0.282516 
18.7 0.901721 0.279387 
18.8 0.928793 0.277027 
18.9 0.95693 0.275447 
19 0.986074 0.27466 
19.1 1.01616 0.274689 
19.2 1.0471 0.275557 
19.3 1.07879 0.277296 
19.4 1.11112 0.27994 
19.5 1.14394 0.283532 
19.6 1.1771 0.28812 
19.7 1.21038 0.293756 
19.8 1.24359 0.3005 
19.9 1.27645 0.308418 
20 1.3087 0.317577 
20.1 1.34 0.328049 
20.2 1.37002 0.339909 
20.3 1.39836 0.353227 
20.4 1.42461 0.368072 
20.5 1.44833 0.384502 
20.6 1.46906 0.40256 
20.7 1.48634 0.42227 
20.8 1.49972 0.443627 
20.9 1.50875 0.466587 
21 1.51304 0.491064 
21.1 1.51226 0.516918 
21.2 1.50615 0.543945 
21.3 1.49458 0.571881 
21.4 1.47752 0.600391 
21.5 1.45509 0.629078 
21.6 1.42754 0.657489 
21.7 1.39529 0.685128 
21.8 1.35886 0.711479 
21.9 1.31889 0.736022 
22 1.2761 0.758262 
22.1 1.23126 0.777755 
22.2 1.18516 0.794124 
22.3 1.13855 0.807083 
22.4 1.09215 0.816443 
22.5 1.04659 0.822119 
22.6 1.00242 0.824125 
22.7 0.960082 0.822567 
22.8 0.919934 0.817631 
22.9 0.882233 0.809566 
23 0.84715 0.798668 
23.1 0.814784 0.785263 
23.2 0.785173 0.769695 
23.3 0.758304 0.752307 
23.4 0.734131 0.733439 
23.5 0.712576 0.713412 
23.6 0.693545 0.692525 
23.7 0.676933 0.671053 
23.8 0.66263 0.649243 
23.9 0.650525 0.627314 
24 0.640509 0.605456 
24.1 0.632479 0.583833 
24.2 0.626338 0.562584 
24.3 0.621997 0.541825 
24.4 0.619375 0.52165 
24.5 0.618399 0.502137 
24.6 0.619003 0.483345 
24.7 0.62113 0.465319 
24.8 0.624731 0.448095 
24.9 0.629764 0.431695 
25 0.636191 0.416133 
25.1 0.643983 0.401417 
25.2 0.653113 0.38755 
25.3 0.663561 0.374529 
25.4 0.67531 0.362347 
25.5 0.688346 0.350995 
25.6 0.702658 0.340465 
25.7 0.718236 0.330745 
25.8 0.735073 0.321823 
25.9 0.75316 0.313689 
26 0.772489 0.306334 
26.1 0.793051 0.299748 
26.2 0.814834 0.293926 
26.3 0.837823 0.288862 
26.4 0.861999 0.284556 
26.5 0.887337 0.281009 
26.6 0.913805 0.278227 
26.7 0.941364 0.276217 
26.8 0.969963 0.274992 
26.9 0.999541 0.274571 
27 1.03002 0.274975 
27.1 1.06132 0.276232 
27.2 1.09331 0.278375 
27.3 1.12588 0.281441 
27.4 1.15888 0.285476 
27.5 1.19212 0.29053 
27.6 1.22539 0.296659 
27.7 1.25848 0.303925 
27.8 1.2911 0.312394 
27.9 1.32296 0.322136 
28 1.35373 0.333226 
28.1 1.38304 0.345735 
28.2 1.41049 0.359735 
28.3 1.43565 0.375288 
28.4 1.45808 0.392449 
28.5 1.47732 0.411251 
28.6 1.49289 0.431707 
28.7 1.50436 0.453795 
28.8 1.51129 0.477454 
28.9 1.51333 0.502573 
29 1.51017 0.528985 
29.1 1.50161 0.55646 
29.2 1.48755 0.5847 
29.3 1.46805 0.613343 
29.4 1.44327 0.641964 
29.5 1.41354 0.67009 
29.6 1.37933 0.697213 
29.7 1.34121 0.722811 
29.8 1.29988 0.746373 
29.9 1.25607 0.767425 
30 1.21056 0.785549 
30.1 1.16414 0.800409 
30.2 1.11754 0.811761 
30.3 1.07145 0.819462 
30.4 1.02645 0.823474 
30.5 0.983059 0.823853 
30.6 0.941673 0.820744 
30.7 0.902603 0.814362 
30.8 0.866067 0.804979 
30.9 0.832202 0.792908 
31 0.801077 0.778484 
31.1 0.772708 0.762052 
31.2 0.747064 0.743955 
31.3 0.724083 0.724525 
31.4 0.70368 0.704074 
31.5 0.685754 0.682891 
31.6 0.670198 0.661237 
31.7 0.656901 0.639348 
31.8 0.645752 0.617429 
31.9 0.636645 0.595659 
32 0.629479 0.574189 
32.1 0.624161 0.553148 
32.2 0.620606 0.532642 
32.3 0.618735 0.512757 
32.4 0.618479 0.493563 
32.5 0.619777 0.475112 
32.6 0.622576 0.457445 
32.7 0.626828 0.44059 
32.8 0.632494 0.424566 
32.9 0.639541 0.409386 
33 0.647939 0.395054 
33.1 0.657667 0.381569 
33.2 0.668704 0.368927 
33.3 0.681035 0.357121 
33.4 0.694648 0.346142 
33.5 0.709533 0.335978 
33.6 0.72568 0.32662 
33.7 0.743082 0.318055 
33.8 0.76173 0.310274 
33.9 0.781617 0.303267 
34 0.802732 0.297026 
34.1 0.825061 0.291546 
34.2 0.848589 0.286825 
34.3 0.873293 0.282861 
34.4 0.899145 0.279658 
34.5 0.926111 0.277223 
34.6 0.954147 0.275566 
34.7 0.983196 0.274702 
34.8 1.01319 0.27465 
34.9 1.04405 0.275435 
35 1.07568 0.277087 
35.1 1.10795 0.279642 
35.2 1.14073 0.28314 
35.3 1.17386 0.287628 
35.4 1.20714 0.29316 
35.5 1.24037 0.299794 
35.6 1.27328 0.307594 
35.7 1.3056 0.316629 
35.8 1.33701 0.32697 
35.9 1.36717 0.338692 
36 1.39569 0.351865 
36.1 1.42216 0.366559 
36.2 1.44614 0.382832 
36.3 1.46719 0.400731 
36.4 1.48483 0.42028 
36.5 1.4986 0.441477 
36.6 1.50807 0.464285 
36.7 1.51284 0.488619 
36.8 1.51256 0.514347 
36.9 1.50698 0.541271 
37 1.49595 0.569132 
37.1 1.47942 0.597602 
37.2 1.4575 0.626291 
37.3 1.43044 0.65475 
37.4 1.39862 0.682487 
37.5 1.36257 0.708986 
37.6 1.32291 0.733727 
37.7 1.28036 0.756212 
37.8 1.23569 0.77599 
37.9 1.18968 0.792677 
38 1.14309 0.805978 
38.1 1.09664 0.815694 
38.2 1.05097 0.821729 
38.3 1.00664 0.824088 
38.4 0.96411 0.82287 
38.5 0.923737 0.818253 
38.6 0.885789 0.81048 
38.7 0.850445 0.799844 
38.8 0.817812 0.786668 
38.9 0.787933 0.771295 
39 0.7608 0.75407 
39.1 0.736367 0.735331 
39.2 0.714561 0.715403 
39.3 0.695289 0.694587 
39.4 0.678446 0.673161 
39.5 0.663923 0.651374 
39.6 0.651609 0.629448 
39.7 0.641395 0.607575 
39.8 0.633176 0.585923 
39.9 0.626855 0.564632 
40 0.622343 0.543821 
40.1 0.619557 0.523586 
40.2 0.618423 0.504005 
40.3 0.618876 0.48514 
40.4 0.620858 0.467039 
40.5 0.624318 0.449735 
40.6 0.629213 0.433254 
40.7 0.635506 0.41761 
40.8 0.643166 0.402812 
40.9 0.652167 0.388863 
41 0.662487 0.375759 
41.1 0.67411 0.363495 
41.2 0.687021 0.352064 
41.3 0.701209 0.341454 
41.4 0.716665 0.331655 
41.5 0.733379 0.322657 
41.6 0.751345 0.314447 
41.7 0.770554 0.307016 
41.8 0.790996 0.300355 
41.9 0.812661 0.294459 
42 0.835533 0.289322 
42.1 0.859595 0.284942 
42.2 0.884821 0.281321 
42.3 0.911181 0.278464 
42.4 0.938636 0.276378 
42.5 0.967136 0.275077 
42.6 0.996622 0.274576 
42.7 1.02702 0.274899 
42.8 1.05824 0.276072 
42.9 1.09017 0.278126 
43 1.12269 0.281101 
43.1 1.15565 0.28504 
43.2 1.18888 0.289992 
43.3 1.22216 0.296014 
43.4 1.25527 0.303166 
43.5 1.28796 0.311515 
43.6 1.31991 0.32113 
43.7 1.3508 0.332086 
43.8 1.38026 0.344454 
43.9 1.40791 0.358305 
44 1.43332 0.373705 
44.1 1.45603 0.390707 
44.2 1.4756 0.409349 
44.3 1.49155 0.429644 
44.4 1.50343 0.451576 
44.5 1.51083 0.475086 
44.6 1.51336 0.500069 
44.7 1.51071 0.526364 
44.8 1.50268 0.553748 
44.9 1.48916 0.581928 
45 1.47018 0.610549 
45.1 1.4459 0.639193 
45.2 1.41664 0.667389 
45.3 1.38284 0.694632 
45.4 1.34507 0.720401 
45.5 1.30402 0.744183 
45.6 1.26042 0.765499 
45.7 1.21505 0.783924 
45.8 1.16868 0.799114 
45.9 1.12207 0.810815 
46 1.07589 0.818875 
46.1 1.03077 0.823245 
46.2 0.987199 0.823973 
46.3 0.945603 0.821194 
46.4 0.906296 0.815119 
46.5 0.869506 0.806015 
46.6 0.835377 0.794191 
46.7 0.803985 0.779981 
46.8 0.775348 0.763729 
46.9 0.749442 0.74578 
47 0.726205 0.726465 
47.1 0.705555 0.7061 
47.2 0.687393 0.684976 
47.3 0.671611 0.663358 
47.4 0.658099 0.641483 
47.5 0.646745 0.619558 
47.6 0.637444 0.597766 
47.7 0.630094 0.576261 
47.8 0.6246 0.555173 
47.9 0.620877 0.534611 
48 0.618845 0.514663 
48.1 0.618435 0.495399 
48.2 0.619584 0.476873 
48.3 0.622239 0.459128 
48.4 0.626352 0.442193 
48.5 0.631882 0.426089 
48.6 0.638795 0.410826 
48.7 0.647063 0.396411 
48.8 0.656662 0.382844 
48.9 0.667573 0.37012 
49 0.679779 0.358233 
49.1 0.693268 0.347174 
49.2 0.708029 0.336932 
49.3 0.724053 0.327495 
49.4 0.741334 0.318854 
49.5 0.759861 0.310997 
49.6 0.779628 0.303915 
49.7 0.800624 0.2976 
49.8 0.822836 0.292046 
49.9 0.846248 0.287251 
50 0.870838 0.283213 
50.1 0.89658 0.279936 
50.2 0.92344 0.277426 
50.3 0.951373 0.275693 
50.4 0.980327 0.27475 
50.5 1.01023 0.274619 
50.6 1.04101 0.275321 
50.7 1.07257 0.276888 
50.8 1.10479 0.279353 
50.9 1.13753 0.282757 
51 1.17063 0.287146 
51.1 1.2039 0.292574 
51.2 1.23714 0.299098 
51.3 1.2701 0.306782 
51.4 1.30249 0.315694 
51.5 1.334 0.325905 
51.6 1.3643 0.337489 
51.7 1.39299 0.350518 
51.8 1.41968 0.365061 
51.9 1.44393 0.381178 
52 1.46528 0.398917 
52.1 1.48327 0.418305 
52.2 1.49744 0.439343 
52.3 1.50735 0.461996 
52.4 1.51259 0.486188 
52.5 1.51282 0.511787 
52.6 1.50776 0.538605 
52.7 1.49726 0.566388 
52.8 1.48126 0.594815 
52.9 1.45986 0.623502 
53 1.43329 0.652004 
53.1 1.40191 0.679834 
53.2 1.36625 0.706476 
53.3 1.32691 0.731411 
53.4 1.28461 0.754136 
53.5 1.24011 0.774195 
53.6 1.1942 0.791198 
53.7 1.14763 0.804838 
53.8 1.10113 0.814909 
53.9 1.05536 0.821304 
54 1.01088 0.824018 
54.1 0.968159 0.823142 
54.2 0.927563 0.818845 
54.3 0.889369 0.811367 
54.4 0.853767 0.800996 
54.5 0.820867 0.788052 
54.6 0.790719 0.772878 
54.7 0.76332 0.755818 
54.8 0.738628 0.737212 
54.9 0.71657 0.717386 
55 0.697056 0.696644 
55.1 0.679981 0.675265 
55.2 0.665238 0.653504 
55.3 0.652714 0.631582 
55.4 0.642299 0.609696 
55.5 0.633891 0.588016 
55.6 0.62739 0.566685 
55.7 0.622705 0.545822 
55.8 0.619755 0.525527 
55.9 0.618463 0.50588 
56 0.618764 0.486943 
56.1 0.620599 0.468766 
56.2 0.623917 0.451383 
56.3 0.628674 0.434821 
56.4 0.634833 0.419095 
56.5 0.642361 0.404215 
56.6 0.651232 0.390183 
56.7 0.661426 0.376997 
56.8 0.672922 0.364652 
56.9 0.685709 0.35314 
57 0.699773 0.342451 
57.1 0.715106 0.332574 
57.2 0.731698 0.323497 
57.3 0.749542 0.315211 
57.4 0.76863 0.307705 
57.5 0.788953 0.30097 
57.6 0.810499 0.294999 
57.7 0.833255 0.289788 
57.8 0.857202 0.285335 
57.9 0.882316 0.28164 
58 0.908567 0.278708 
58.1 0.935917 0.276547 
58.2 0.964319 0.275168 
58.3 0.993711 0.274589 
58.4 1.02402 0.274831 
58.5 1.05517 0.275919 
58.6 1.08704 0.277887 
58.7 1.11951 0.28077 
58.8 1.15243 0.284613 
58.9 1.18564 0.289464 
59 1.21893 0.295379 
59.1 1.25207 0.302419 
59.2 1.2848 0.310648 
59.3 1.31684 0.320137 
59.4 1.34785 0.330959 
59.5 1.37747 0.343186 
59.6 1.40531 0.35689 
59.7 1.43096 0.372137 
59.8 1.45395 0.388981 
59.9 1.47385 0.407463 
60 1.49017 0.427597 
60.1 1.50247 0.449371 
60.2 1.51032 0.472731 
60.3 1.51333 0.497577 
60.4 1.5112 0.523754 
60.5 1.5037 0.551043 
60.6 1.49072 0.57916 
60.7 1.47226 0.607756 
60.8 1.44849 0.636417 
60.9 1.41969 0.664679 
61 1.38631 0.692037 
61.1 1.34891 0.717973 
61.2 1.30814 0.74197 
61.3 1.26475 0.763545 
61.4 1.21952 0.782268 
61.5 1.17321 0.797786 
61.6 1.12659 0.809834 
61.7 1.08035 0.818253 
61.8 1.0351 0.822981 
61.9 0.991358 0.824058 
62 0.949554 0.821613 
62.1 0.910014 0.815848 
62.2 0.872971 0.807026 
62.3 0.838579 0.795452 
62.4 0.806919 0.781459 
62.5 0.778014 0.765391 
62.6 0.751844 0.747591 
62.7 0.728351 0.728396 
62.8 0.707453 0.70812 
62.9 0.689054 0.687058 
63 0.673045 0.665477 
63.1 0.659317 0.643617 
63.2 0.647758 0.621689 
63.3 0.638262 0.599876 
63.4 0.630726 0.578337 
63.5 0.625056 0.557204 
63.6 0.621164 0.536586 
63.7 0.61897 0.516575 
63.8 0.618405 0.497242 
63.9 0.619406 0.478642 
64 0.621916 0.46082 
64.1 0.625889 0.443805 
64.2 0.631283 0.427619 
64.3 0.638063 0.412274 
64.4 0.6462 0.397776 
64.5 0.655671 0.384127 
64.6 0.666454 0.371321 
64.7 0.678535 0.359354 
64.8 0.691899 0.348214 
64.9 0.706537 0.337893 
65 0.722439 0.328379 
65.1 0.739597 0.31966 
65.2 0.758004 0.311727 
65.3 0.777651 0.30457 
65.4 0.798527 0.298181 
65.5 0.820621 0.292553 
65.6 0.843917 0.287684 
65.7 0.868394 0.283573 
65.8 0.894026 0.280222 
65.9 0.920778 0.277636 
66 0.948609 0.275827 
66.1 0.977466 0.274807 
66.2 1.00728 0.274595 
66.3 1.03798 0.275216 
66.4 1.06947 0.276696 
66.5 1.10163 0.279072 
66.6 1.13432 0.282383 
66.7 1.1674 0.286675 
66.8 1.20066 0.291999 
66.9 1.23392 0.298413 
67 1.26691 0.305981 
67.1 1.29937 0.314771 
67.2 1.33098 0.324852 
67.3 1.36141 0.336299 
67.4 1.39028 0.349185 
67.5 1.41719 0.363577 
67.6 1.44169 0.379539 
67.7 1.46334 0.397119 
67.8 1.48168 0.416346 
67.9 1.49624 0.437224 
68 1.50659 0.459723 
68.1 1.5123 0.483769 
68.2 1.51303 0.509239 
68.3 1.50849 0.535948 
68.4 1.49852 0.563651 
68.5 1.48306 0.592031 
68.6 1.46218 0.620711 
68.7 1.43609 0.649252 
68.8 1.40516 0.67717 
68.9 1.36989 0.703951 
69 1.33088 0.729074 
69.1 1.28884 0.752035 
69.2 1.24452 0.772372 
69.3 1.1987 0.789687 
69.4 1.15217 0.803665 
69.5 1.10564 0.814089 
69.6 1.05977 0.820844 
69.7 1.01514 0.823914 
69.8 0.972228 0.82338 
69.9 0.931411 0.819407 
70 0.892974 0.812227 
70.1 0.857114 0.802123 
70.2 0.823948 0.789415 
70.3 0.793532 0.774443 
70.4 0.765867 0.757551 
70.5 0.740913 0.739081 
70.6 0.718603 0.71936 
70.7 0.698846 0.698694 
70.8 0.681539 0.677366 
70.9 0.666573 0.655631 
71 0.653838 0.633716 
71.1 0.643223 0.611819 
71.2 0.634624 0.590112 
71.3 0.627941 0.568741 
71.4 0.623084 0.547828 
71.5 0.619968 0.527474 
71.6 0.618518 0.507761 
71.7 0.618667 0.488753 
71.8 0.620355 0.4705 
71.9 0.623531 0.453039 
72 0.628149 0.436396 
72.1 0.634173 0.420588 
72.2 0.641569 0.405626 
72.3 0.650311 0.391511 
72.4 0.660376 0.378243 
72.5 0.671747 0.365817 
72.6 0.684408 0.354224 
72.7 0.698349 0.343455 
72.8 0.713558 0.333499 
72.9 0.730028 0.324346 
73 0.747751 0.315983 
73.1 0.766718 0.308401 
73.2 0.786922 0.301592 
73.3 0.80835 0.295547 
73.4 0.830988 0.290262 
73.5 0.85482 0.285735 
73.6 0.879822 0.281966 
73.7 0.905964 0.27896 
73.8 0.933209 0.276723 
73.9 0.96151 0.275268 
74 0.99081 0.27461 
74.1 1.02104 0.274771 
74.2 1.0521 0.275776 
74.3 1.08391 0.277656 
74.4 1.11633 0.280448 
74.5 1.14921 0.284196 
74.6 1.1824 0.288947 
74.7 1.21569 0.294755 
74.8 1.24886 0.301683 
74.9 1.28164 0.309793 
75 1.31376 0.319156 
75.1 1.34489 0.329845 
75.2 1.37466 0.341933 
75.3 1.40269 0.35549 
75.4 1.42857 0.370584 
75.5 1.45184 0.387271 
75.6 1.47206 0.405592 
75.7 1.48875 0.425566 
75.8 1.50146 0.447182 
75.9 1.50976 0.470391 
76 1.51326 0.495098 
76.1 1.51164 0.521154 
76.2 1.50467 0.548346 
76.3 1.49222 0.576397 
76.4 1.4743 0.604964 
76.5 1.45103 0.633638 
76.6 1.4227 0.66196 
76.7 1.38975 0.689429 
76.8 1.3527 0.715526 
76.9 1.31223 0.739734 
77 1.26907 0.761564 
77.1 1.22398 0.780582 
77.2 1.17774 0.796424 
77.3 1.13112 0.80882 
77.4 1.08482 0.817595 
77.5 1.03944 0.822683 
77.6 0.995535 0.824111 
77.7 0.953527 0.822 
77.8 0.913755 0.816548 
77.9 0.876461 0.80801 
78 0.841806 0.79669 
78.1 0.809878 0.782917 
78.2 0.780706 0.767035 
78.3 0.754272 0.74939 
78.4 0.730521 0.730316 
78.5 0.709375 0.710132 
78.6 0.690737 0.689134 
78.7 0.674501 0.667592 
78.8 0.660556 0.64575 
78.9 0.648791 0.62382 
79 0.639098 0.601989 
79.1 0.631376 0.580417 
79.2 0.625528 0.559239 
79.3 0.621466 0.538567 
79.4 0.619111 0.518493 
79.5 0.618391 0.499091 
79.6 0.619241 0.480419 
79.7 0.621607 0.462519 
79.8 0.625439 0.445425 
79.9 0.630696 0.429157 
80 0.637343 0.41373 
80.1 0.64535 0.39915 
80.2 0.654691 0.385418 
80.3 0.665348 0.372531 
80.4 0.677303 0.360482 
80.5 0.690543 0.349262 
80.6 0.705057 0.338862 
80.7 0.720836 0.329269 
80.8 0.737873 0.320474 
80.9 0.756158 0.312465 
81 0.775685 0.305233 
81.1 0.796442 0.298769 
81.2 0.818419 0.293068 
81.3 0.841598 0.288125 
81.4 0.865961 0.28394 
81.5 0.891482 0.280514 
81.6 0.918127 0.277854 
81.7 0.945855 0.275968 
81.8 0.974615 0.274871 
81.9 1.00434 0.27458 
82 1.03496 0.275118 
82.1 1.06637 0.276514 
82.2 1.09847 0.278801 
82.3 1.13112 0.282019 
82.4 1.16417 0.286213 
82.5 1.19742 0.291434 
82.6 1.23069 0.29774 
82.7 1.26372 0.305193 
82.8 1.29624 0.31386 
82.9 1.32795 0.323812 
83 1.35851 0.335123 
83.1 1.38755 0.347866 
83.2 1.41467 0.362109 
83.3 1.43942 0.377916 
83.4 1.46137 0.395336 
83.5 1.48006 0.414402 
83.6 1.49501 0.435121 
83.7 1.50578 0.457464 
83.8 1.51196 0.481365 
83.9 1.51318 0.506703 
84 1.50917 0.533301 
84.1 1.49974 0.56092 
84.2 1.4848 0.58925 
84.3 1.46444 0.617919 
84.4 1.43885 0.646494 
84.5 1.40837 0.674495 
84.6 1.37349 0.701409 
84.7 1.33482 0.726716 
84.8 1.29304 0.749909 
84.9 1.24891 0.77052 
85 1.20321 0.788144 
85.1 1.15671 0.802458 
85.2 1.11015 0.813235 
85.3 1.06419 0.820349 
85.4 1.01941 0.823775 
85.5 0.976317 0.823586 
85.6 0.935282 0.819939 
85.7 0.896604 0.813059 
85.8 0.860486 0.803226 
85.9 0.827055 0.790757 
86 0.79637 0.775989 
86.1 0.768439 0.759269 
86.2 0.743224 0.740938 
86.3 0.72066 0.721325 
86.4 0.700659 0.700738 
86.5 0.683118 0.679463 
86.6 0.66793 0.657758 
86.7 0.654982 0.635851 
86.8 0.644166 0.613944 
86.9 0.635375 0.592212 
87 0.62851 0.570802 
87.1 0.623479 0.54984 
87.2 0.620197 0.529428 
87.3 0.618588 0.509649 
87.4 0.618584 0.49057 
87.5 0.620124 0.472242 
87.6 0.623158 0.454702 
87.7 0.627638 0.437979 
87.8 0.633526 0.42209 
87.9 0.64079 0.407044 
88 0.649402 0.392847 
88.1 0.659339 0.379497 
88.2 0.670584 0.366989 
88.3 0.68312 0.355316 
88.4 0.696937 0.344467 
88.5 0.712023 0.334433 
88.6 0.728371 0.325202 
88.7 0.745972 0.316762 
88.8 0.764819 0.309105 
88.9 0.784902 0.30222 
89 0.806211 0.296102 
89.1 0.828733 0.290743 
89.2 0.852449 0.286142 
89.3 0.877339 0.282299 
89.4 0.903371 0.279218 
89.5 0.930511 0.276906 
89.6 0.958712 0.275375 
89.7 0.987917 0.274638 
89.8 1.01806 0.274718 
89.9 1.04905 0.27564 
90 1.08078 0.277433 
90.1 1.11315 0.280135 
90.2 1.146 0.283788 
90.3 1.17916 0.288439 
90.4 1.21245 0.294142 
90.5 1.24564 0.300958 
90.6 1.27848 0.30895 
90.7 1.31067 0.318188 
90.8 1.34191 0.328745 
90.9 1.37183 0.340693 
91 1.40005 0.354105 
91.1 1.42616 0.369046 
91.2 1.44971 0.385576 
91.3 1.47024 0.403737 
91.4 1.48729 0.42355 
91.5 1.50041 0.445007 
91.6 1.50916 0.468065 
91.7 1.51314 0.492632 
91.8 1.51203 0.518565 
91.9 1.50559 0.545658 
92 1.49368 0.573639 
92.1 1.47628 0.602172 
92.2 1.45352 0.630856 
92.3 1.42567 0.659233 
92.4 1.39314 0.686808 
92.5 1.35647 0.713062 
92.6 1.3163 0.737475 
92.7 1.27336 0.759557 
92.8 1.22843 0.778866 
92.9 1.18227 0.795031 
93 1.13566 0.80777 
93.1 1.08929 0.816903 
93.2 1.0438 0.822349 
93.3 0.99973 0.82413 
93.4 0.957521 0.822356 
93.5 0.917519 0.817218 
93.6 0.879976 0.808968 
93.7 0.845059 0.797904 
93.8 0.812864 0.784355 
93.9 0.783424 0.768664 
94 0.756725 0.751175 
94.1 0.732717 0.732225 
94.2 0.711321 0.712136 
94.3 0.692444 0.691205 
94.4 0.675978 0.669705 
94.5 0.661815 0.647882 
94.6 0.649843 0.625952 
94.7 0.639953 0.604104 
94.8 0.632044 0.582501 
94.9 0.626017 0.561279 
95 0.621786 0.540554 
95.1 0.619268 0.520418 
95.2 0.618391 0.500948 
95.3 0.619091 0.482202 
95.4 0.621312 0.464226 
95.5 0.625003 0.447052 
95.6 0.630123 0.430703 
95.7 0.636636 0.415194 
95.8 0.644512 0.400531 
95.9 0.653724 0.386717 
96 0.664254 0.373748 
96.1 0.676083 0.361617 
96.2 0.689198 0.350318 
96.3 0.703589 0.339838 
96.4 0.719246 0.330168 
96.5 0.73616 0.321295 
96.6 0.754325 0.31321 
96.7 0.773731 0.305902 
96.8 0.794369 0.299364 
96.9 0.816227 0.293589 
97 0.839291 0.288573 
97.1 0.86354 0.284314 
97.2 0.888949 0.280814 
97.3 0.915486 0.278079 
97.4 0.943111 0.276118 
97.5 0.971773 0.274943 
97.6 1.00141 0.274572 
97.7 1.03194 0.275028 
97.8 1.06328 0.276339 
97.9 1.09532 0.278538 
98 1.12792 0.281663 
98.1 1.16094 0.28576 
98.2 1.19418 0.290879 
98.3 1.22746 0.297077 
98.4 1.26052 0.304415 
98.5 1.29311 0.312961 
98.6 1.32491 0.322786 
98.7 1.3556 0.333961 
98.8 1.38481 0.346561 
98.9 1.41212 0.360655 
99 1.43713 0.376307 
99.1 1.45938 0.393569 
99.2 1.4784 0.412474 
99.3 1.49373 0.433033 
99.4 1.50492 0.45522 
99.5 1.51157 0.478974 
99.6 1.51329 0.504179 
99.7 1.5098 0.530664 
99.8 1.50089 0.558196 
99.9 1.4865 0.586472 
100 1.46666 0.615126 
